# Created by Octave 5.2.0, Sun Apr 23 21:57:09 2023 EEST <catalin@LAPTOP-QCG3VAHI>
# name: X
# type: matrix
# rows: 10
# columns: 10
 3.98203 3.21006 3.38812 1.97428 3.03955 2.69142 2.06369 3.59042 2.41658 2.53585
 3.21006 3.48993 3.14285 1.98405 2.51604 2.82888 1.56583 3.08674 2.54925 1.92966
 3.38812 3.14285 4.29396 2.45215 2.68008 2.52813 1.61066 3.28048 2.49202 2.78520
 1.97428 1.98405 2.45215 1.75302 1.20002 1.05817 0.66326 1.69181 1.34917 1.53738
 3.03955 2.51604 2.68008 1.20002 3.77997 2.72255 2.41926 3.25173 2.27169 2.27375
 2.69142 2.82888 2.52813 1.05817 2.72255 3.71036 2.05972 3.29219 1.98636 1.48087
 2.06369 1.56583 1.61066 0.66326 2.41926 2.05972 2.14405 2.56407 1.32163 1.59089
 3.59042 3.08674 3.28048 1.69181 3.25173 3.29219 2.56407 4.03499 2.41039 2.47382
 2.41658 2.54925 2.49202 1.34917 2.27169 1.98636 1.32163 2.41039 2.48992 1.66151
 2.53585 1.92966 2.78520 1.53738 2.27375 1.48087 1.59089 2.47382 1.66151 2.51299


# name: y
# type: matrix
# rows: 10
# columns: 1
 0.5
 0.9
 0.2
 0.7
 0.4
 0.9
 0.9
 0.3
 0.6
 0.8


