# Created by Octave 5.2.0, Wed Apr 26 11:33:03 2023 EEST <catalin@LAPTOP-QCG3VAHI>
# name: X
# type: matrix
# rows: 100
# columns: 100
 100.65203799952842 0.70833201418896974 0.66724811370178128 0.34666888186033579 0.24561413551757161 0.53258774855023627 0.43529727174773369 0.50007595771939073 0.41176135657041557 0.48628721752630999 0.31225734300293789 0.39096515483367722 0.88264118025561933 0.37829958499631799 0.29735417545777298 0.72116142308777476 0.51020247707223354 0.36474860580951629 0.53808481690983323 0.15690980605161331 0.59727922342432849 0.65679909491601918 0.24819938509507961 0.59296608226878766 0.28700759151079069 0.4222046637184208 0.35298111957319023 0.40925355471242297 0.33296888338509778 0.75485563169735137 0.70613386707435122 0.71861801888972654 0.44825633308741941 0.61053534676962451 0.33931233588331189 0.3900862584834206 0.86260562810480357 0.48386611001300228 0.14013851963835172 0.85595171949726478 0.51766300027102796 0.7333677047479199 0.48060282402484189 0.42449767862666277 0.27268522255390898 0.46027139516390636 0.28652226001829356 0.55275393028325104 0.26527215303457469 0.48025313137934322 0.3427726668899051 0.45714160689627359 0.42718891858533098 0.47812529978050566 0.47113773270593473 0.48271810949647453 0.43965006688582231 0.9110149707340558 0.60161369656769581 0.48135754161925215 0.25267763036187452 0.44831544146203872 0.56749496456911441 0.29882156963469614 0.33285242392221287 0.51278888270795808 0.52873707796136737 0.52590739705093326 0.14238992734526323 0.20029972338951824 0.40772319282363767 0.7509827614884016 0.70859378101535286 0.46101761375625855 0.74732661074859119 0.31171611650018027 0.61602183914809072 0.32135180975246713 0.7810527930106792 0.36761128661894887 0.4607805575121498 0.87541480586512688 0.74735264511383992 0.47317069189170158 0.45779046935404422 0.67840580378225912 0.63695435767064768 0.32436485263298814 0.41807580411006429 0.5593905825981067 0.36225359496443199 0.34092730986046865 0.67813603767555986 0.48402618691182997 0.3769099375521851 0.74690717992282885 0.57304368008692319 0.79391391012600587 0.42776421518311603 0.45000835576321579
 0.70833201418896974 100.80342875653378 0.7744958405663408 0.46183881097417079 0.8213194462448582 0.43916445852875963 0.46372139086636421 0.70157814870048252 0.16305169956059901 0.92027219109076941 0.67482351929773543 0.6448383200375748 0.50481770203850274 0.52656210025957362 0.45144166330453095 0.53305457585869487 0.2279583785909462 0.93417096876309902 0.069976727086005094 0.69089187561872434 0.66454034581375687 0.44594002235823482 0.63695563164261793 0.5322035374919597 0.62338480679921671 0.70928751219068897 0.34588918965082116 0.53632974311389725 0.4861151682389071 0.12133667848102619 0.51629322324449145 0.3405731536529194 0.32771696425222419 0.76847410207921985 0.57835978249380016 0.57584590215561748 0.38470348354237982 0.7276604089213683 0.61064523748174204 0.87007292118306467 0.49459705500295137 0.43304026254408534 0.80210428643017129 0.60365428645820074 0.37531675228643491 0.67188857645147604 0.4440099519099292 0.41255426206274781 0.63703881994884581 0.44479816483889328 0.096215877425038052 0.59779322078419739 0.43918725687941673 0.17873387085429665 0.51675391572908813 0.40643258695644363 0.083654020037925214 0.60777502520963078 0.82768744559005725 0.90251257903009674 0.35552215572465756 0.81675725036325209 0.67646216675379334 0.30970844452529583 0.75526749853184372 0.51059566550096747 0.51117618911018836 0.30243433745224346 0.67916313292591401 0.55309873763916784 0.41031498906555741 0.5438759108029948 0.51952984265255531 0.55265253374533929 0.54442567759100535 0.1990188748761213 0.60427807421515178 0.35815259449383008 0.39259405701161831 0.58188994153307116 0.59293586511772534 0.13086477308360256 0.55100172980520268 0.29183025435748383 0.71846528231746221 0.69510803673103716 0.44990844747283099 0.45111432776556415 0.35751522315774309 0.084081548436658646 0.40500335861898051 0.2931826292554337 0.75944989668225493 0.4120424164281648 0.40823969325049803 0.46905025543050816 0.81341053142344233 0.42371133741763578 0.71229127555153837 0.61175702757120121
 0.66724811370178128 0.7744958405663408 100.99506239598571 0.35159038845580415 0.33562299847314458 0.40489634022945697 0.30863372699258446 0.34275550445856523 0.57578453574588428 0.36287584534982287 0.23748440522048464 0.47417824483033433 0.31943689332057146 0.64018995623763297 0.76096156654735014 0.31637985850549699 0.87278075873586469 0.66601530353538174 0.53794474108985812 0.2447233592294869 0.62189757303404958 0.34546237880983499 0.64750100937034538 0.25186846164049181 0.87268306585421862 0.55055352852424411 0.5687576986964642 0.65110661235299627 0.83825185727927098 0.52619602624436645 0.12105024216421917 0.77321988054762403 0.51043718808295502 0.59607953825238913 0.63749523753363302 0.75703990621892703 0.45524061164046314 0.42332217689126506 0.73601600723122851 0.67702924704693779 0.078701700142994699 0.5015659690340154 0.52600407545750461 0.11714259920161446 0.42029888960246653 0.51303871252241429 0.488041593244669 0.46189409803119741 0.36072402502184553 0.77369146174244885 0.78468972095282785 0.73566559904350259 0.200751881017113 0.40297940500448215 0.47662589871774075 0.68687719029145411 0.54001735971635778 0.32370339602884246 0.12943079472372077 0.73196375528630231 0.84931647782292363 0.27552649327960282 0.55451679342650484 0.60589309838565719 0.44814940091715216 0.93950502769211397 0.80522168025397178 0.27993598491251681 0.69810575864614366 0.5182755716440729 0.30413269363690221 0.34449134163157025 0.46316317145109165 0.25346794303739373 0.57006527887665037 0.68259789381899749 0.15216724211740279 0.62183582680770733 0.25742293209334577 0.22720574364628859 0.69972967893674654 0.3474780191148234 0.41664261625720239 0.69161988370870375 0.76063871574083808 0.42399370289660876 0.4759556126418118 0.46644594864549538 0.80570240227085466 0.7977205489394803 0.68347774637447267 0.47041577269629786 0.47931918141988572 0.55690879587261255 0.84630881127559909 0.63021439995740658 0.67100722143745228 0.1739993529747686 0.83498440729984336 0.58548159634575758
 0.34666888186033579 0.46183881097417079 0.35159038845580415 100.70687685022655 0.7180775519006114 0.59489937270338233 0.84354803738615658 0.94587404135642328 0.50697798689876516 0.53616324381776725 0.3143299913226934 0.038142817792521641 0.64697396040992483 0.68038867788399626 0.83460995740314137 0.58691256498501776 0.70041983788113027 0.5512682343591061 0.19719907624936661 0.97166656305356647 0.67143793216263947 0.24774436684849027 0.38708926472024674 0.52253124259293893 0.56605550863860299 0.30027655599049541 0.5591399767885411 0.25120696947601301 0.6230423245713772 0.61217306172645691 0.4578653630570606 0.56622918360076013 0.33063184112146787 0.75278747147005909 0.51286428653879645 0.76509604481090798 0.46873189359064149 0.49032537917358998 0.098662011571663877 0.35093516455980478 0.70640433370093492 0.34184084803684844 0.44902431216773664 0.94882512424561682 0.76339447007398797 0.65001725684768352 0.24145457648015384 0.6782845340298852 0.41277503223151374 0.56344629722525197 0.59153358679671864 0.30286696685249859 0.60538962719250433 0.75588952665774412 0.47505045617184205 0.54245013741976988 0.58193609810216163 0.49935917618187287 0.31967598305406048 0.54842298265834477 0.3905201519761598 0.23685471568155914 0.57498476466488202 0.68788654765689283 0.55110422722611474 0.53210379911891181 0.91631113808000109 0.33942628275253578 0.36141939433265979 0.65072395284946349 0.39395088925105182 0.45619310177220507 0.46611502971492202 0.5898131306024994 0.40233410744721732 0.21522897131284613 0.076402542891189792 0.61235212822199969 0.78697956385288581 0.49849945666373568 0.83251900863612849 0.61239476497813827 0.48871270301202185 0.41429245814208543 0.65327181133209922 0.29371702627966123 0.4510829274167838 0.52140834810015846 0.51724189818187494 0.40384270366002828 0.39484100760879398 0.39670430418425245 0.63386209376698588 0.89133033871633083 0.21289349561569015 0.49892790489010963 0.4065604982454219 0.49920933614915564 0.57527250251887374 0.53526431784799766
 0.24561413551757161 0.8213194462448582 0.33562299847314458 0.7180775519006114 100.66713771067653 0.55410310351339342 0.35212798892751035 0.92308155505411671 0.50555212103112734 0.43101936295796756 0.38403609196939259 0.51890118705655841 0.59287399020304798 0.52443093436361132 0.3217787862401893 0.28853239486658733 0.71565928495817366 0.55320672043922359 0.8645797827374464 0.44613568352488153 0.58039796390182241 0.66997010417941139 0.58730513856623645 0.31751825926438881 0.65619400396089667 0.53998284254397011 0.52723318772402694 0.39346651618256834 0.83697599337871986 0.33655624723801458 0.58843282053276647 0.31457284593373058 0.40366465498343873 0.22641537573771314 0.33618704661125198 0.49434616645908513 0.20726120290177291 0.82748473346795071 0.26061359501871872 0.32498577320672539 0.37152824198959389 0.7903695000682821 0.29286710775350933 0.60476516104244293 0.55785850012439564 0.45168397670699917 0.68982337311245123 0.13288501670147501 0.59887729980680016 0.61056662458633215 0.45471626952134958 0.7676623794860945 0.20396569719779967 0.74204171539325947 0.80593863505879404 0.51550921695407115 0.48891777445175433 0.43592994248221695 0.27645732211323937 0.73999391583004481 0.266571375017362 0.11639079362196436 0.76166853605351137 0.63125872233477143 0.47655014101907467 0.64156780286240234 0.26178963342783196 0.47672558264753695 0.17425776931907544 0.43682557305546321 0.40773534855341076 0.42778595002226372 0.52998606448495844 0.62550978189314743 0.46147644134337751 0.62936650331132538 0.47246128821670108 0.58903430905397391 0.61042453091331517 0.094992885631289881 0.72401075736607912 0.87138402220823197 0.7351773332517344 0.55290539920047743 0.79159395434936641 0.49079510615877558 0.69917921716185671 0.51199422877644607 0.49928048274951498 0.8535635940980385 0.39545416459862093 0.66403745058520114 0.28510816874115519 0.52961182228059978 0.51646616947028678 0.51255440580789879 0.5929776081493735 0.59127581882761659 0.61599928597672482 0.6631091222340002
 0.53258774855023627 0.43916445852875963 0.40489634022945697 0.59489937270338233 0.55410310351339342 100.70556491864828 0.46124864377263597 0.63645362302924191 0.16737445826761133 0.73490279506826206 0.80685726929686863 0.21188072223805876 0.50503018108293052 0.2635898624714646 0.37033917471202393 0.60734190464073112 0.42081770402274993 0.25449161597024089 0.57367424576189507 0.62761139891723028 0.20683487572766313 0.82059947628883878 0.20781962502603679 0.38477523933838992 0.38890058332239036 0.49057774874444054 0.86767871761218662 0.57674673618425054 0.25927367099889487 0.034313539106018406 0.50283983030538659 0.63994438689719535 0.79020597411767768 0.90739688825939824 0.66790732027744704 0.68616939849300385 0.55518232420212055 0.52362092017384587 0.55476604385416228 0.21032352615426875 0.55898031757237132 0.38543902817131104 0.21576753742984967 0.86719487423024244 0.45711869691787932 0.34644458144763651 0.086385514383645223 0.83008738971325924 0.49243904225077162 0.78213657816603666 0.30518451222721488 0.29018940976691809 0.37193176044845361 0.80917947923126587 0.96110706464753415 0.38288699958464956 0.3754524513924456 0.53862408524559258 0.21707881132674833 0.71545333629515406 0.246302049966235 0.66428142703712723 0.66895176162368308 0.54682822717545387 0.23122763551737813 0.47192827106800239 0.70024821773335166 0.26158888376927947 0.45420648090794313 0.30542571538983626 0.70782981213840723 0.33952521559926058 0.31545055157074553 0.40687711658597014 0.64970159924044601 0.77666341768771407 0.61523695991986282 0.55091436569234342 0.36223486082407386 0.51541410684639655 0.42654259757685486 0.42571373951877328 0.66727250199423949 0.25164945780000186 0.33069983305032247 0.53842989961855614 0.51234168434223237 0.57337290067453195 0.31160719941524045 0.50433279109733631 0.64057490428502184 0.15372885731437741 0.62112139603460736 0.56345178631282411 0.41165520842570069 0.40838360741931296 0.30048107744136887 0.52529468280475289 0.87595490683094335 0.50154828030273957
 0.43529727174773369 0.46372139086636421 0.30863372699258446 0.84354803738615658 0.35212798892751035 0.46124864377263597 100.14348260289815 0.46850244875683206 0.27852360025633266 0.50380623326505081 0.61500988972821014 0.91641196170511108 0.7635007400223921 0.14351091040954456 0.8075682746961641 0.63407914711750191 0.68233404549084342 0.074535124055226443 0.53206727905887241 0.42405415308758632 0.37893312691988007 0.87731178259427356 0.24081679197655548 0.16080303505450377 0.84522563950054752 0.3831317695900186 0.69725861107078169 0.25793690357168159 0.25543689590493057 0.47937313514936863 0.091316904246673214 0.73866511078883967 0.71088905409714431 0.40563646677930287 0.68218048126530162 0.65124541518952073 0.66133519482846925 0.26805555231118033 0.84009131248553037 0.55715362618696374 0.17888630736698535 0.60081185599555442 0.38887671682658331 0.49041364505870283 0.52148956051503725 0.68996244705046272 0.11468872824729742 0.62915915822877833 0.39912835026361465 0.42795118770999685 0.71738685356443299 0.46306933827849672 0.43865457971068478 0.59540426733537677 0.56729226204003935 0.41073397665900213 0.53261774495009484 0.73574063518881583 0.30946327849220273 0.58142862328692313 0.559844940662936 0.6654422779679956 0.83519103139871786 0.26354567436004689 0.59588024676794249 0.79742222305582833 0.61310586124867961 0.96608260559859849 0.43083786632174281 0.78316249841393182 0.23452329447165066 0.37778229492775461 0.77562352360635678 0.58868404511737182 0.37128854393299371 0.64083863497166815 0.74573996718653801 0.51275656309846662 0.4336202614406216 0.52517379644506412 0.34822848233855613 0.45988532919759517 0.28607215231474581 0.1489728361610218 0.2003273740742349 0.33468423848186402 0.4864719338155612 0.015551146726789911 0.74933308975832669 0.3660152150182836 0.63441695398124609 0.56707423646586186 0.92304874020153371 0.90661666720346767 0.42647540828483382 0.15697990333829737 0.46694536558045369 0.50333661341823976 0.8782222023570152 0.58440650406848615
 0.50007595771939073 0.70157814870048252 0.34275550445856523 0.94587404135642328 0.92308155505411671 0.63645362302924191 0.46850244875683206 100.50401099970905 0.75765759197650895 0.72705674908852114 0.41956515142784601 0.40238270177910618 0.89644743868666066 0.67883524687804808 0.87040974630680479 0.43454971583274649 0.70958795905933947 0.6479097190113442 0.73314699116006454 0.17627106837018841 0.32536958103749225 0.68106015769490347 0.21819383726228736 0.58236906114992293 0.53239873279920713 0.49068238103603046 0.33149595894613942 0.73770635481623836 0.61561873634463216 0.52143949582577287 0.61647080863089299 0.43027604354214966 0.35189921677537822 0.35000175791512439 0.32383623766977843 0.18153446182899169 0.21814548692625607 0.42047289199025678 0.52769544008373848 0.34660258550061729 0.754661354500617 0.84353856042471476 0.80187653179420781 0.38568449071874522 0.56534001811640766 0.55275946933975884 0.32161493936542829 0.5954500713574794 0.37174540683920798 0.57172476954717888 0.78401576878199508 0.47666323151599421 0.59379057916813982 0.38516236609573268 0.35072655706355171 0.080950885166658812 0.37790833865479834 0.52264250951212532 0.29620090002047567 0.45366097443879583 0.73737581569753152 0.9263872106160409 0.37623044203922185 0.29404345838871571 0.58203150009213922 0.59961154918601167 0.44865402963662138 0.060005253136705169 0.54863695869227702 0.40324539540278348 0.27800974238118464 0.43707662522365542 0.17657053271492729 0.55114110560066076 0.56018599290968729 0.61413827525998088 0.19175128374947648 0.39847162021301197 0.28334354447207699 0.38817031730190987 0.80575379525863022 0.23310753889668728 0.72964477166683417 0.44118735580745627 0.83110358790970895 0.13723126112399436 0.46601170035036066 0.33071702935844433 0.88323945962359662 0.52539284788976359 0.15194150948849489 0.61258215115963355 0.71723011791480684 0.81447373187101557 0.38530634651169388 0.83773166874038307 0.24193297094429961 0.49572466910216617 0.68192842931307318 0.31448143146464319
 0.41176135657041557 0.16305169956059901 0.57578453574588428 0.50697798689876516 0.50555212103112734 0.16737445826761133 0.27852360025633266 0.75765759197650895 100.97941278759644 0.78142717770140346 0.39009795419214621 0.19902473135139165 0.56367803926965743 0.29825771564174225 0.47447554503611944 0.60462029737087919 0.57865801466881883 0.53161246309827148 0.45821472488216525 0.2353750276223906 0.54318142797539015 0.53197334198012747 0.43722822614479773 0.33152017240875992 0.79226902376935582 0.42580212910062543 0.41145475748157412 0.59131768858667455 0.45586733790847889 0.45946918718029217 0.33296751139940217 0.34313619197355227 0.44244893073857622 0.43763370302760318 0.76410957424053738 0.44688003301329449 0.61982711110888733 0.7607528401220498 0.36554756157908119 0.20288696301771081 0.21698852021435838 0.61129649821568965 0.65501171837181027 0.79916667842554046 0.54655215651644862 0.096703559138968762 0.5087879957846061 0.69143372782191692 0.62130064517776629 0.35557858704119616 0.64569771691539191 0.79906525951781104 0.59327820720837088 0.79477276152990017 0.60370255635490078 0.72205681081758355 0.31126124898092533 0.2690699919168037 0.87105890913858208 0.54888948531459336 0.59013670164726073 0.33981009465423834 0.58533476256714723 0.90115417156199551 0.37558932894479174 0.3690963501498199 0.19867255496225139 0.68637058913944315 0.093297151515061516 0.52976527113160643 0.57584682085204397 0.72670725567294425 0.78196795014294773 0.10513640802087543 0.94605423876171701 0.15876573330109406 0.50824179864863528 0.5912384343268392 0.61009044598131079 0.39468460567087826 0.57239270473209825 0.58962937331652732 0.55012058332646407 0.35568668426476796 0.85947333260263736 0.28805259481890666 0.24615209671868443 0.49925340995754808 0.29955279905604104 0.19849842379885074 0.52885262939210687 0.82361445914877562 0.56904467666556302 0.64071714746974129 0.39433159525150119 0.42328123788007266 0.36608629876483639 0.33084872553055883 0.71260097443530812 0.3397986381599567
 0.48628721752630999 0.92027219109076941 0.36287584534982287 0.53616324381776725 0.43101936295796756 0.73490279506826206 0.50380623326505081 0.72705674908852114 0.78142717770140346 100.39000242295825 0.63390603029641845 0.3672295821304129 0.66841917438014931 0.49045997447197942 0.6339737399930343 0.36934975758354571 0.44454879721375629 0.80439055809258875 0.46505393549093454 0.42977468781529599 0.49724255634099501 0.54789707531484566 0.33722940363160736 0.53237843291367071 0.08138387528608608 0.53943490102082226 0.50371624527335301 0.3467532985200994 0.34128058084829394 0.26797716168471719 0.35987196703557223 0.21362608037038844 0.71354953910042029 0.72015750477454588 0.8873773948254835 0.41770244427650521 0.79680449543008203 0.64284937401570341 0.63215231562004226 0.44816713203108088 0.66373554551553038 0.242520211102697 0.60552630835526233 0.68464481626216733 0.056339433664862534 0.90477646491758268 0.030526565661687752 0.73542235625257812 0.10954472905502399 0.87941855973966954 0.67093695295077382 0.48015096988937878 0.38862812733007157 0.18545659183250263 0.27122956061967007 0.41178550193017316 0.67441827707376367 0.52739232833949246 0.4318354906571773 0.40078462440946788 0.3601755917905024 0.17638753235807691 0.92398664876197212 0.29254247297176739 0.79093524037089402 0.70779105948581167 0.86104887320810941 0.58093079267162273 0.24541557839954697 0.61945458596853009 0.57758839009362872 0.30430331676881367 0.47968889976254991 0.17328894721844551 0.55506226119693713 0.30080932630436263 0.71412375752343937 0.48700185956157072 0.51492157128096716 0.49177817846694083 0.47761624110261347 0.62838265963714157 0.93618699208783762 0.65542645134884481 0.52929858496126281 0.4354303970684491 0.31914910899669036 0.15033890879906475 0.60198940106460974 0.17090832590604094 0.60027257005863921 0.22066562204415247 0.70782160962722473 0.089481195615547571 0.34740664455012804 0.35390441821570851 0.50041812694512378 0.78579353285965636 0.6604986790456302 0.59093205766185042
 0.31225734300293789 0.67482351929773543 0.23748440522048464 0.3143299913226934 0.38403609196939259 0.80685726929686863 0.61500988972821014 0.41956515142784601 0.39009795419214621 0.63390603029641845 100.66258867935576 0.51985675413299792 0.73092316647097144 0.48095382099152606 0.60659230538250286 0.92763295806829249 0.56254773564533711 0.54240055669934939 0.58470004626005456 0.5736679055487991 0.55768210213722136 0.54061903039879389 0.55046546081815007 0.5783379357101599 0.41762692209901342 0.5444596874217581 0.42088864725513891 0.39056225585824966 0.59217299641537235 0.22031592934338573 0.26067825929473132 0.40441792562988788 0.63673031922628676 0.40143717753265706 0.69307017205218746 0.27944859456832433 0.42395888607777787 0.27797196683646469 0.79400406714800054 0.32397059543319578 0.51116735258350132 0.13690310911006365 0.39453186084567676 0.74925413896507576 0.92638369978282153 0.47629961514173091 0.68550724395247287 0.6237834470211403 0.1323556230960003 0.60899903617467899 0.79170284284612813 0.47952936423487236 0.47279172511797335 0.43913217072324895 0.21878726917365759 0.46435979899354074 0.60598429799418552 0.38285537595574376 0.32304402407647309 0.20843461795819002 0.63679957920157981 0.52844937899804578 0.16121216446874048 0.31323820401226837 0.29175788614460241 0.26180497156874483 0.53457785392431134 0.77348308576809344 0.10731540971140985 0.75449563897098448 0.71719251055667033 0.2693232249019713 0.82457974914010879 0.39211290152641975 0.69947190169447149 0.96487981604476136 0.65645488444347799 0.80116787610788875 0.62839668881104205 0.39397884534822691 0.70819237329108731 0.64499362543884553 0.47351603634569639 0.41764889906063213 0.34953506588465127 0.42789704681665414 0.28780951829268481 0.51262983727177458 0.25532784847217899 0.5296775413643704 0.086870550799448221 0.26625975734308988 0.8057026361226689 0.48901887980707398 0.15427909366507553 0.47734557538320899 0.56604049997912909 0.66907008928578382 0.76201796331285632 0.22845674110370351
 0.39096515483367722 0.6448383200375748 0.47417824483033433 0.038142817792521641 0.51890118705655841 0.21188072223805876 0.91641196170511108 0.40238270177910618 0.19902473135139165 0.3672295821304129 0.51985675413299792 100.19323087737986 0.52610544812071613 0.3888516673540382 0.4511250938343192 0.40004569352854003 0.62037894001227589 0.81834470711822771 0.67729416624335292 0.30196698699207392 0.77718199153013945 0.64754311758841832 0.59779234204529519 0.61548342978402737 0.51784041665876357 0.14996676367424988 0.53280320204806653 0.34455261954686328 0.45864206523848761 0.68214845418026138 0.109859717585787 0.6959901351811455 0.59790165595503941 0.82154659451458012 0.45170295226573198 0.85916958134431576 0.33662899958646386 0.65046032446985835 0.45597299193450569 0.54546083297754588 0.038337267333380651 0.60417340761445693 0.49780306481539682 0.302536960265398 0.29961059569238446 0.26540578849060492 0.80239043673430188 0.67308997693285999 0.26792303317339183 0.2196770557170552 0.70164284578152669 0.1797300288908808 0.62841862909857482 0.16598704401042741 0.47314799524384632 0.49809015200457674 0.62088843230437285 0.65836436814750821 0.25616777118806838 0.26152747070795707 0.38972180906732679 0.52081060156642067 0.082669626405224059 0.48345492674596335 0.48628634618736211 0.19291594981223048 0.48303325520415669 0.59918669726208251 0.50700853086090225 0.45876061008384478 0.56276127505175333 0.68132925391308952 0.65386561471422922 0.78213988788867272 0.37527930572853996 0.57274031716763418 0.80716333787662897 0.52762702105341042 0.21698355058810964 0.60043180866423385 0.4605477089183132 0.6603023175627114 0.35763804742372857 0.72598627348940425 0.30584303860871748 0.57726589354228308 0.33197096958404981 0.43561759727623572 0.62187348055698044 0.61820960095962274 0.40309693666015223 0.40901334357983987 0.21922066958152181 0.46703478680777455 0.31661962527148096 0.67013665991692972 0.63747400280259725 0.52257745568081371 0.66560115118952212 0.62983876087848423
 0.88264118025561933 0.50481770203850274 0.31943689332057146 0.64697396040992483 0.59287399020304798 0.50503018108293052 0.7635007400223921 0.89644743868666066 0.56367803926965743 0.66841917438014931 0.73092316647097144 0.52610544812071613 100.19970301398486 0.18468789358951593 0.54763416399208742 0.51035819716911712 0.94133566697909909 0.72831377003508546 0.63468283895040645 0.26019031957365446 0.5401314680726873 0.54932235270271779 0.57120906712833075 0.11757904161233418 0.3956523532104384 0.6646766046481819 0.087390218983693133 0.48666958390537485 0.50450397453467799 0.51055377244986344 0.55690303794814566 0.3457965572936863 0.71191284095435692 0.52595553989671462 0.78293289706103497 0.37185772517479665 0.46178597905494501 0.5696459384544762 0.20421813349288864 0.3068990791704902 0.51889285364548932 0.17824110208131216 0.55713828228227236 0.31826450353986846 0.91909815836629893 0.44158219756400358 0.8133123857166491 0.62807177945274251 0.56011971833451335 0.46214076939037363 0.5412060647669944 0.17119204565591878 0.5007146289911667 0.12220632049592511 0.37151429768689137 0.58935732720018419 0.44104337969962726 0.45004775836790123 0.5598082627204809 0.28162555388221916 0.28081863981303312 0.4277390531265165 0.52834493942850524 0.14556880730619914 0.67993711923389211 0.40635405690017967 0.59912785418170178 0.8919319520065554 0.51531305629170621 0.38067836747894984 0.43987086692821986 0.48491021851167349 0.26128304317749307 0.57458312653809818 0.50525388368452273 0.32321165636968019 0.37319830811741911 0.53975615646308694 0.4360450370698003 0.14020212118309577 0.5338448374361513 0.4660741944586585 0.36092947007259379 0.53102763514169093 0.21280596926546674 0.6720492198505158 0.79668937901348325 0.22651472065695472 0.36467520098889095 0.80731936468990395 0.13435676879571068 0.56660217951122172 0.57767653955654563 0.50333197037530775 0.52427187039319612 0.87313313948324445 0.418908586796713 0.76431829763265968 0.41847088486128103 0.91571208006244731
 0.37829958499631799 0.52656210025957362 0.64018995623763297 0.68038867788399626 0.52443093436361132 0.2635898624714646 0.14351091040954456 0.67883524687804808 0.29825771564174225 0.49045997447197942 0.48095382099152606 0.3888516673540382 0.18468789358951593 100.58231293346566 0.50758389442042184 0.49421473092595236 0.95438941281209844 0.58425030234194675 0.57988250780827033 0.68475664079060727 0.68913478442205389 0.69639369332933054 0.53468608791006778 0.39690820082956757 0.4918341334396692 0.42742490422919543 0.61357723859973912 0.55407761480525486 0.45951842798994513 0.16310220973403627 0.80111031293291712 0.40589995426170933 0.65006592527072882 0.68027073625232248 0.70902732334019891 0.30372140168914674 0.40675544923855533 0.31285787431561096 0.85441570817237666 0.26162196983186026 0.75786577162051416 0.37578162061483766 0.67464604010745644 0.57815583174765584 0.41938828811946038 0.35329606438648065 0.62963784286363889 0.37269242904774635 0.10366513837713609 0.80925851732727172 0.46472095405724428 0.33137022871168481 0.46014397934860674 0.74777599194610356 0.33230601457986492 0.5205052397294434 0.4235960219923276 0.42882205183559319 0.48693601512792206 0.75919864376278468 0.33253394859052077 0.16031231397591278 0.27532616815756533 0.39564218108875415 0.7556193728920988 0.62981841531431004 0.10471697974803233 0.37373194041034352 0.93577221465603511 0.50988488757621553 0.54608717161408704 0.62168416944126059 0.68424778412418141 0.12898653440974367 0.5858943500086784 0.19882943349775195 0.57896871476863965 0.7754682159118258 0.31421283437611669 0.59277795956837742 0.57953258159164611 0.10209653618584325 0.91136270961210131 0.5840588363314988 0.70614115309475223 0.76493125571889176 0.40288196405394378 0.45922745838506041 0.61700232400788868 0.60923409491402558 0.72601529628655748 0.60578150763722349 0.55155926391538879 0.58302405885508835 0.86694632463307342 0.70490698552130227 0.49193410486117983 0.63530428437016373 0.22183518321384921 0.92728099212786641
 0.29735417545777298 0.45144166330453095 0.76096156654735014 0.83460995740314137 0.3217787862401893 0.37033917471202393 0.8075682746961641 0.87040974630680479 0.47447554503611944 0.6339737399930343 0.60659230538250286 0.4511250938343192 0.54763416399208742 0.50758389442042184 100.5835404168535 0.44339142789845987 0.33764612336018951 0.06335967603595348 0.93028811595331395 0.50001419356043797 0.60735391105662251 0.40479108076041459 0.32705555161841071 0.47488272453247748 0.96879706929077569 0.38519099206463669 0.50485640573752677 0.60287134710417245 0.47549061938005655 0.51023747206353476 0.19987104813783785 0.23049362076759999 0.52649972886630803 0.15077386807376636 0.44147664394865682 0.55491170862315631 0.41571854324956425 0.55970788844284569 0.16173325096455021 0.43497602893146031 0.17972994742520765 0.28602243548264039 0.3705673065671225 0.38914925727088157 0.18577242540522948 0.35090584014089671 0.28067155514719289 0.48362381272714028 0.48256182448113771 0.40508308461874531 0.48205722155317399 0.12864939925896102 0.56806429818332371 0.73376680339527156 0.45063085673108605 0.43874165073447258 0.50641950984355888 0.18771277991636276 0.87144567395413408 0.69114154431626851 0.48750996878294206 0.58470777047935252 0.57678368728260221 0.54867892908181304 0.25766576300368055 0.35353626493129303 0.42372852569258945 0.47824314223778108 0.20626325457938183 0.66206223211685655 0.63762404533294703 0.62811997383020901 0.13117097856420662 0.73009015348875317 0.54031633216133435 0.76833935124182906 0.85971160744015962 0.37159457913580773 0.57100141715536745 0.24617634265335286 0.31539216344904397 0.43261535470059825 0.3523960898335402 0.47491123647132982 0.27320540755445821 0.67887562752452091 0.67123805960569616 0.7868666104670593 0.75528086980322728 0.070506482700591552 0.83330371852323515 0.51854596864415203 0.92120294256717461 0.42976851658710136 0.30539527422142132 0.20989885724654295 0.40066407406411031 0.32322035274818578 0.40447201533528038 0.347383041182666
 0.72116142308777476 0.53305457585869487 0.31637985850549699 0.58691256498501776 0.28853239486658733 0.60734190464073112 0.63407914711750191 0.43454971583274649 0.60462029737087919 0.36934975758354571 0.92763295806829249 0.40004569352854003 0.51035819716911712 0.49421473092595236 0.44339142789845987 100.96391637013849 0.80729456280273304 0.61110703646463083 0.32150366347626308 0.042634269117218723 0.35838516970649481 0.77443328033601144 0.62714492728535776 0.58937305437758769 0.077547187394183467 0.84700734237900133 0.54995917120339122 0.27363383198583768 0.60922094644308433 0.54754981218766541 0.70658383799740165 0.372524067707384 0.11055609961328455 0.8252365725558477 0.31864383239320049 0.72927043548825421 0.74837499419420694 0.4998442045648771 0.69210215322500512 0.46782412737797485 0.8600569898249788 0.45416767537560687 0.34848269418181599 0.62965554918234123 0.63497457786776501 0.27263746856558041 0.39043633681774892 0.42841177906132766 0.21615379010797325 0.59103247491194955 0.39738599073539294 0.13344907146315271 0.45195433234199422 0.14463973036445432 0.74162015265799786 0.28869100757426797 0.40236027829921617 0.76869656570495959 0.47147849417038623 0.40695694052934051 0.38705858347445199 0.39256674863861929 0.69005598126742207 0.23169343190801794 0.67371664479513349 0.73700619278274582 0.52618581093552041 0.88335400493006055 0.51427517454649097 0.63684908934780826 0.45516198097333277 0.52269268460494878 0.64332999633298149 0.42349187556888723 0.38387353972906119 0.62292942194320111 0.49419961948565611 0.20106738418940118 0.069101187233476288 0.37541925871990445 0.63609683638376002 0.48382656160136966 0.58427281613938276 0.49602619023856598 0.51672416530578025 0.15313775607357755 0.68695291747407206 0.60900376791123512 0.345468970822914 0.49415806721190725 0.39112229939921295 0.54882069502580877 0.38243271552097435 0.4234555577462179 0.43191217097246587 0.29875038009796012 0.91111309218399317 0.22059693784782941 0.74925795402140549 0.21614417338100478
 0.51020247707223354 0.2279583785909462 0.87278075873586469 0.70041983788113027 0.71565928495817366 0.42081770402274993 0.68233404549084342 0.70958795905933947 0.57865801466881883 0.44454879721375629 0.56254773564533711 0.62037894001227589 0.94133566697909909 0.95438941281209844 0.33764612336018951 0.80729456280273304 100.80791286533261 0.36380540769627101 0.49595761629264423 0.36225850304107127 0.38276962199463604 0.89402381090725114 0.35074308260886766 0.59171335380987022 0.99527309651422424 0.22873537262611682 0.69287238604840629 0.57606466086226793 0.30643338414932181 0.88055930076790379 0.89685861549220292 0.24497185980399139 0.73242086876485457 0.22316326756045884 0.42118911419827176 0.20055513106180733 0.3234264469937625 0.42844706256024401 0.48804820700874996 0.64199627432766337 0.41275498090679691 0.37542324383462145 0.38621778377542487 0.26225528387277663 0.24578667802882265 0.37022640883885882 0.46346993240467255 0.1339923126701642 0.57582348331670363 0.63533719762807206 0.12156344701450728 0.48249026900458669 0.70305581052759969 0.72469944991467505 0.25465166526988592 0.23016211615512683 0.23794918484869937 0.81368403689435853 0.46071849438707813 0.63091150728968481 0.58976483955536785 0.53308985838033851 0.28980002429422158 0.46052775755244024 0.17632577362177632 0.89250103192287733 0.50243775457269724 0.74279214684069239 0.71786996293167604 0.61038386441224979 0.41289540046435469 0.85826223334113216 0.75419488906428322 0.74215559844606815 0.45191193978808253 0.5714947783506964 0.23299972308484068 0.56889449870411235 0.7306066924781851 0.43956782433049735 0.35945148113332731 0.71274523781790899 0.40985852340346302 0.54390962141716015 0.56176721428070198 0.44436560019953286 0.33008996793741169 0.42054085140362296 0.51606106994567724 0.42313657795126625 0.34744124765556594 0.33629183454239453 0.69603264885799243 0.7976986824380774 0.38458904106773617 0.21876531509286717 0.45567399313371681 0.43130809655425062 0.6448733001046002 0.73354573645859134
 0.36474860580951629 0.93417096876309902 0.66601530353538174 0.5512682343591061 0.55320672043922359 0.25449161597024089 0.074535124055226443 0.6479097190113442 0.53161246309827148 0.80439055809258875 0.54240055669934939 0.81834470711822771 0.72831377003508546 0.58425030234194675 0.06335967603595348 0.61110703646463083 0.36380540769627101 100.58965498078327 0.49826754287110864 0.72146503424224551 0.49069338606347401 0.68555436891352528 0.61729474527174721 0.29511552787757861 0.32717093007103637 0.91534635978977874 0.43578700005178783 0.51298176101134785 0.076305308557085172 0.74542958913521806 0.61255797303824422 0.7250570618314548 0.4239036700212539 0.20326703205926416 0.81486706883603299 0.81093909334857273 0.79295336565715457 0.31174027565572066 0.17562192165670149 0.18976101356458902 0.75453677633584526 0.65557343493931797 0.67466988362060099 0.54637730614666125 0.48043984686070296 0.49870945950665679 0.58374165306767967 0.75046524338695553 0.70681383609400594 0.74698262515876213 0.65138068479296585 0.83943191367996195 0.5770621838461496 0.48306148471877663 0.21732938174480099 0.54925869096848845 0.50834186415263793 0.32118506217014686 0.42215693781895697 0.45174683324681164 0.628265266349885 0.068307751064887387 0.39889800639997175 0.33063257133090435 0.54154800649627122 0.33752982250775049 0.77364672666777601 0.48919677455542621 0.33420699502972284 0.47441081833541532 0.5966069792156603 0.80163793088608548 0.4703265496057476 0.18890402812862706 0.6685307618175369 0.60295321183887107 0.48392087508605852 0.3244945184563604 0.71516317116095873 0.41271271670075116 0.38048659646465466 0.81278930921163817 0.64833934910111857 0.72375767726919427 0.4820200860389886 0.50670220626921769 0.29620105873950725 0.11902710324779359 0.66707989283061386 0.4414228974510499 0.15120137067361344 0.40929554068446183 0.52771118414881013 0.46654021956345926 0.79130034810327821 0.24806068655769836 0.27974270975352761 0.29929303138843222 0.39985316426828249 0.057607084380792525
 0.53808481690983323 0.069976727086005094 0.53794474108985812 0.19719907624936661 0.8645797827374464 0.57367424576189507 0.53206727905887241 0.73314699116006454 0.45821472488216525 0.46505393549093454 0.58470004626005456 0.67729416624335292 0.63468283895040645 0.57988250780827033 0.93028811595331395 0.32150366347626308 0.49595761629264423 0.49826754287110864 100.44065734024898 0.4071817404423157 0.39405005972477064 0.39002127493943717 0.32256368501244254 0.31628829460352192 0.5895522416146306 0.32136555397314281 0.52286298913640594 0.53998390691662934 0.32180361051765904 0.75699962957372846 0.65187869123050191 0.23688843213090632 0.23825504725012664 0.71869954523931967 0.567679075646082 0.59116914043202029 0.56297742948435436 0.15551064787117497 0.82319778793987075 0.60657128171739616 0.6174604356581076 0.32625671923627897 0.5721231832924778 0.30149924875145057 0.5741252378829016 0.49216175892680192 0.54311744516728933 0.46631764117159819 0.26806800481652138 0.46024679731517359 0.58108097712077078 0.58733127864275847 0.4873426602885218 0.73671501452257748 0.74385844867115436 0.69264596930390743 0.59778303560365631 0.11924454206746488 0.65485339928333908 0.54661876752543204 0.61386185136331906 0.39831924967429611 0.53317114200437787 0.38434481084877825 0.24701592298420599 0.59295998779604564 0.43903187164054347 0.74028996577389528 0.46068296391083574 0.36260418149194473 0.55370334795329534 0.6243288106390914 0.32408918638566009 0.68995544172683942 0.7158999901544878 0.42612185993529439 0.13152913083618756 0.43080622117995188 0.36249158853157692 0.35053821417774628 0.75885190998073271 0.61182141263551459 0.43827148603056049 0.31395040059415069 0.15258872167472232 0.4885812646041755 0.74993088479747705 0.27520807640394435 0.38011835692937479 0.68885908070147772 0.4595917717696531 0.1661715930647884 0.48270990735666869 0.19295200150089969 0.34200573569770049 0.29952068686906863 0.53143916760305421 0.40489851705540025 0.20217994130550848 0.13513387799694987
 0.15690980605161331 0.69089187561872434 0.2447233592294869 0.97166656305356647 0.44613568352488153 0.62761139891723028 0.42405415308758632 0.17627106837018841 0.2353750276223906 0.42977468781529599 0.5736679055487991 0.30196698699207392 0.26019031957365446 0.68475664079060727 0.50001419356043797 0.042634269117218723 0.36225850304107127 0.72146503424224551 0.4071817404423157 100.94289990039461 0.55208312834739881 0.63168177983824925 0.83923451971321961 0.52606871358153062 0.54928696104606556 0.63230696190155689 0.49777392756151334 0.65054789506193389 0.35460278841819143 0.54957472332903057 0.65728587941513184 0.21219713888224312 0.27639452016372612 0.5226096564899666 0.58560913902332479 0.69035409105509205 0.3913904567760581 0.35191302727567741 0.67145337866437904 0.47514928882354435 0.58758126413632961 0.65379176275064887 0.70759597346461423 0.74359170911891981 0.43199299870150654 0.63648482226499992 0.73583132900607584 0.51891089822115577 0.6697149349335606 0.51691291582802767 0.16310632206941489 0.064370802399806845 0.2927788747025602 0.85627523366856229 0.67770162317444149 0.69352676315711459 0.42849437632924336 0.534299832386679 0.72844202136973824 0.2798587701978808 0.56687092990574683 0.54267108985901025 0.38482375742299768 0.56832291601969886 0.76362924977799862 0.50872498801815225 0.44953348007783234 0.64760236988303399 0.62519320139426371 0.18686897357091364 0.51350847379702269 0.27481101555460896 0.65183691484281014 0.63482858619776339 0.2449651852343338 0.77220424341780847 0.25153850290125346 0.78298585800888831 0.44559358686550105 0.16937273279071735 0.64646952349267783 0.56853085522514712 0.44286356899493595 0.46393342508562124 0.51000417381430607 0.35187434576060056 0.1833633899046912 0.6779967026137601 0.80680425159128488 0.51497273951061129 0.76825327246238895 0.59977510825558999 0.5091147360208681 0.68764656541511493 0.72975515914777322 0.50814419467581751 0.9062529924518915 0.53406837855974998 0.26724195853360205 0.60428908233015188
